35007
35950
35010
36420
36201
36201
35611
36502
36830
35020
35201
35040
35215
35215
35043
35048
35055
36526
35601
36301
35459
36330
36027
35064
36532
35630
36535
35214
35967
36362
35068
35901
35071
36037
36542
35640
35749
35022
35209
35216
35023
35801
35210
36265
35501
35094
35096
35756
35112
35242
35759
35228
36054
36601
36101
35004
35223
35661
35473
36801
36203
36360
35477
35124
35125
36867
36064
35126
35127
36066
36610
35906
35898
35653
36571
35768
36701
35242
35907
36527
35082
35150
36079
35173
35401
36083
35235
35216
36584
99546
99615
99551
99552
99553
99554
99555
99720
99786
99721
99820
99557
99558
99722
99547
99559
99791
99711
99723
99724
99559
99727
99788
99561
99574
99563
99548
99565
99548
99557
99571
99573
99574
99736
99576
99762
99540
99739
99581
99701
99583
99740
99741
99742
99762
99827
99602
99829
99604
99745
99746
99922
99613
99606
99720
99747
99748
99608
99609
99611
99901
99749
99612
99549
99614
99750
99751
99615
99606
99576
99545
99620
99752
99753
99754
99621
99622
99625
99626
99627
99628
99585
99630
99926
99758
99632
99633
99603
99634
99559
99571
99636
99559
99690
99691
99638
99761
99762
99640
99763
99764
99789
99765
99643
99644
99647
99648
99649
99651
99766
99759
99653
99603
99549
99655
99767
99656
99768
99657
99661
99769
99901
99664
99771
99772
99773
99670
99671
99672
99776
99777
99677
99778
99678
99637
99680
99681
99576
99682
99684
99685
99686
99703
99783
99623
99784
99689
85645
85086
85117
85123
85323
86321
85326
86426
86016
86322
85377
85122
85738
85327
85127
86503
86323
85533
85128
86505
85641
86326
86326
86326
86326
86326
86326
86326
86326
86326
86326
86326
86326
86326
86326
86326
86326
86326
86326
86326
86326
86326
86326
86326
86326
86326
86326
86326
86326
86326
86326
86326
86326
86326
86326
86326
86326
86326
86326
86326
86326
86326
86326
86326
86326
86326
86326
86326
86326
86326
86326
86326
86326
86326
86326
86326
86326
86326
86326
86326
86326
86326
86326
86326
86326
86326
86326
86326
86326
86326
86326
86326
86326
86326
86326
86326
86326
86326
86326
86326
86326
86326
86326
86326
86326
86326
86326
86326
86326
86326
86326
86326
86326
86535
86047
85607
85335
85131
86042
86001
85132
85926
86504
86426
85268
86505
85233
85301
85501
85118
85338
86505
85614
86039
86025
86506
86031
86022
86033
86401
86039
86403
86035
85340
86503
86507
86508
86538
85653
85138
85201
86045
85540
85087
85621
86506
85704
86040
85253
85344
85541
86434
85345
85542
85001
86510
85371
86301
86312
85140
86514
85654
85648
86503
86547
85147
85739
85546
85629
85550
85336
85140
85250
86043
86336
85634
86043
86054
85901
85613
85350
85351
85375
85248
86435
85374
86514
85280
85353
85639
86505
86556
86045
85634
85643
86023
85641
85941
86515
85192
86047
85364
72501
72714
72015
72712
72315
72015
72023
71701
72718
72719
72032
71832
71730
72701
72335
72901
72735
72936
71801
71901
71909
72076
72401
72076
72745
71753
72104
72364
72113
72107
72653
72113
72450
71601
72756
72801
71857
72143
72120
72761
72762
72734
72160
72164
71854
72956
72301
95220
93510
92301
91301
91350
94501
93440
94706
91801
92653
95688
91901
91001
95945
94503
92801
92801
94508
95843
94509
92307
95001
95912
91006
95518
93202
95004
93420
90701
93203
93422
94027
95301
95301
95602
95614
90704
93204
91702
93301
91706
92220
92310
94565
93561
92223
90201
91307
90706
90201
90803
94920
94510
95005
94701
92203
90209
92314
94506
92316
92225
94923
91902
92003
92021
92021
92021
95006
91008
92227
90036
94513
94513
94005
94015
95971
93427
90620
91501
91501
91501
91501
91501
91501
91501
91501
91501
91501
91501
91501
91501
91501
91501
91501
91501
91501
91501
91501
91501
91501
91501
91501
91501
91501
91501
91501
91501
91501
91501
91501
91501
91501
91501
91501
91501
91501
91501
91501
91501
91501
91501
91501
91501
91501
91501
91501
91501
91501
91501
91501
91501
91501
91501
91501
91501
91501
91501
91501
91501
91501
91501
91501
91501
91501
91501
91501
91501
91501
91501
91501
91501
91501
91501
91501
94010
91301
92231
93504
92320
94515
93725
93010
93428
95682
95008
92587
92587
92008
93924
95608
93013
90745
93609
91310
94546
95012
92234
95307
90701
95959
95926
91708
91709
93610
93925
91909
95610
95610
91711
95612
94517
95422
95425
93611
92236
93210
96107
95912
94014
92324
90022
90220
94518
93212
92118
92118
95076
94925
92626
92679
91722
92325
90201
90230
95014
90630
94014
92624
94506
95616
93215
95315
96122
92014
93924
92240
92240
94528
95363
91765
95619
93618
94505
95620
90239
91008
94568
95938
90022
94303
90221
91752
93524
92019
92243
94530
94530
94530
94530
94530
94530
94530
94530
94530
94530
94530
94530
94530
94530
94530
94530
94530
94530
94530
94530
94530
94530
94530
94530
94530
94530
94530
94530
94530
94530
94530
94530
94530
94530
94530
94530
94530
94530
94530
94530
94530
94530
94530
94530
94530
94530
94530
94530
94530
94530
94530
94530
94530
94530
94530
94530
94530
94530
94530
94530
94530
94530
94530
94530
94530
94530
94530
94530
94530
94530
94530
94530
94530
94530
94530
94530
94530
94530
94530
94530
94530
94530
94530
94530
94530
94530
94530
94530
94530
94530
94530
94530
94530
94530
94530
94530
94530
94530
94530
94530
94530
94530
94530
94530
94530
94530
94530
94530
94530
94530
94530
94530
95762
95431
94018
95624
91731
93924
90245
95433
94608
92023
95320
92025
95607
95501
93221
94930
94533
91387
92028
93223
95230
95018
93015
95630
92331
92310
95540
94404
92704
93625
93501
93650
92831
95632
90247
92840
95020
91201
91201
91740
93561
95670
95670
93110
93926
92313
95661
95363
93927
93927
93927
93927
93927
93927
93927
93927
93927
93927
93927
93927
93927
93927
93927
93927
93927
93927
93927
93927
93927
93927
93927
93927
93927
93927
93927
93927
93927
93927
93927
93927
93927
93927
93927
93927
93927
93927
93927
93927
93927
93927
93927
93927
93927
93927
93927
93927
93927
93927
93927
93927
93927
93927
93927
93927
93927
93927
93927
93927
93927
93927
93927
93927
93433
93434
91745
94019
93230
90716
90250
94540
95448
92249
92543
95638
94547
90254
92340
91302
92026
90042
94010
95023
95639
92605
90255
91932
91932
92210
92201
90601
90301
92268
92602
91702
91935
91935
94706
94904
93630
93930
93631
94548
92694
92694
94549
92607
92637
92607
92637
90631
90631
92352
92530
92609
93535
92570
91361
92040
90711
91941
90637
93241
93534
90623
91744
92247
94939
95076
95330
91750
90260
93541
91945
93245
90031
92350
95236
95953
95953
95953
95953
95953
95953
95953
95953
95953
95953
95953
95953
95953
95953
95953
95953
95953
95953
95953
95953
95953
95953
95953
95953
95953
95953
95953
95953
95953
95953
95953
95953
95953
95953
95953
95953
95953
95953
95953
95953
95953
95953
95953
95953
95953
95953
95953
95953
95953
95953
95953
95953
95953
95953
95953
95953
95953
95953
95953
95953
95953
95953
95953
95953
95953
95953
95953
95953
95953
95953
95953
95953
95953
95953
95953
95953
95953
95953
95953
95953
95953
95953
95953
95953
95953
95953
95953
95953
95953
95953
95953
95953
95953
95953
95953
95953
95953
95953
95953
95953
95953
95953
95953
95953
95953
95953
95953
95953
95953
95953
95953
95953
95953
95953
95953
95953
95953
95953
95953
95953
95953
95953
95953
95953
94550
95334
95240
92350
90717
93436
90745
95650
90720
94022
94022
90001
93635
95030
93441
93402
93249
90262
95519
93636
95653
95954
90263
93546
90266
95336
90292
92274
95901
95655
95955
90270
92254
92584
94025
92359
95340
94030
94941
95035
93657
91345
92675
92675
95350
95350
91016
94037
91710
90640
93105
91754
91754
95030
93020
95212
94556
92551
95037
95037
93442
94038
95391
94035
94035
94035
94035
94035
94035
94035
94035
94035
94035
94035
94035
94035
94035
94035
94035
94035
94035
94035
94035
94035
94035
94035
94035
94035
94035
94035
94035
94035
94035
94035
94035
94035
94035
94035
94035
94035
94035
94035
94035
94035
94035
94035
94035
94035
94035
94035
94035
94035
94035
94035
94035
94035
94035
94035
94035
94035
94035
94035
94035
94035
94035
94035
94035
92562
92407
94558
94558
91950
94560
95360
92657
93444
92860
92860
95660
94801
92254
92705
92705
90650
94945
92567
95361
95361
92344
94601
94561
91301
94562
92049
93023
93549
95961
91710
92856
95662
93455
94563
93647
95915
93030
94044
94044
93950
93550
92210
92258
94301
90274
95060
95060
95060
95060
95060
95060
95060
95060
95060
95060
95060
95060
95060
95060
95060
95060
95060
95060
95060
95060
95060
95060
95060
95060
95060
95060
95060
95060
95060
95060
95060
95060
95060
95060
95060
95060
95060
95060
95060
95060
95060
95060
95060
95060
95060
95060
95060
95060
95060
95060
95060
95060
95060
95060
95060
95060
95060
95060
95060
95060
95060
95060
95060
95060
90723
93648
91030
95363
92570
94952
92329
90601
94602
94564
93040
93448
94565
92870
95667
95365
94523
94566
95961
91765
94569
93257
93041
94028
93260
92064
93907
93536
92065
95655
91701
92270
95683
90275
92067
92688
96080
96001
92373
90277
94061
93654
92376
94801
93555
95003
95673
94571
95366
95367
92501
95677
94547
94926
90274
90274
90274
90274
90274
90274
90274
90274
90274
90274
90274
90274
90274
90274
90274
90274
90274
90274
90274
90274
90274
90274
90274
90274
90274
90274
90274
90274
90274
90274
90274
90274
90274
90274
90274
90274
90274
90274
90274
90274
90274
90274
90274
90274
90274
90274
90274
90274
90274
90274
90274
90274
90274
90274
90274
90274
90274
90274
90274
90274
90274
90274
90274
90274
90274
90274
90274
90274
90274
90274
90274
90274
90274
90274
90274
90274
90274
90274
90274
90274
90274
90274
90274
90274
90274
90274
90274
90274
90274
90274
90274
90274
90274
90274
90274
90274
90274
90274
90274
90274
90274
90274
90274
90274
90274
90274
90274
90274
90274
90274
90274
90274
90274
90274
90274
90274
90274
90274
90274
90274
90274
90274
90274
90274
90274
90274
90274
90274
90274
93560
91770
95661
90720
90720
91748
94573
94203
95368
93901
94901
92401
94066
94070
92672
92092
91773
91340
94080
91775
93657
92581
95002
95045
92675
92675
94577
94580
93954
93401
92069
92069
91108
95046
94401
94803
94901
94582
92701
92092
95050
91310
95060
90670
93454
90401
93060
92274
93012
94903
93460
92071
92071
92071
91301
93004
94965
95060
90740
93955
93662
93263
96019
95682
96125
91024
90755
92342
93062
92075
93960
95476
95073
93665
91733
90280
96150
91030
94080
92395
94305
90680
91381
94970
95201
94534
94085
94586
93543
96127
95615
93268
95481
93501
92589
92883
91780
93465
91319
92276
94920
90290
90501
95304
95075
96160
93274
95380
92705
92705
92277
95418
94587
94587
91784
95687
94503
92082
91384
93437
93436
92392
92861
93277
90045
92274
95254
90255
94595
95690
90255
93280
95076
91790
90038
91359
94025
92683
92683
95605
90601
92595
95987
95693
92596
90043
95694
95388
95258
92504
91302
94904
94061
95697
92885
95991
92399
92284
80001
80010
81022
80106
80301
80123
80123
80601
80020
80020
81623
80108
80104
80015
80110
81520
81221
81221
81221
81221
81221
81221
81221
81221
80901
80123
80123
80123
80123
80022
81129
81625
80514
81416
80012
81301
81631
81632
80025
81623
80110
80514
80620
80401
80504
80902
80521
80621
80701
80817
80016
80016
80504
81521
80246
80246
80246
80246
80246
80246
80246
80246
80246
80246
80246
80246
80246
80246
80246
80246
80246
80246
80246
80246
80246
80246
80246
80246
80246
80246
80246
80246
81601
80401
81501
80631
80110
81637
80126
80534
80026
80123
80123
80120
80112
80112
80112
80501
80027
80534
80504
80543
81401
80132
81647
80503
80233
80134
81001
81007
81650
80524
81137
81082
80477
80751
80027
80023
80525
81334
81082
80137
80229
80549
80003
80003
80033
80528
80863
80132
6401
6801
6112
6601
6010
6807
6810
6820
6418
6422
6108
6512
6829
6830
6340
6057
6037
6040
6338
6450
6457
6050
6501
6111
6320
6060
6473
6850
6360
6779
6870
6477
6877
6878
6484
6890
6901
6268
6614
6790
6320
6701
6089
6105
6516
6880
6092
6109
6226
6096
19701
19934
19703
19901
19809
19947
19807
19707
19709
19963
19702
19720
19977
19734
19801
20001
32615
32816
32701
33572
32703
32703
32233
33823
33160
32807
33830
34667
34207
33786
33430
32809
32526
33427
33931
33424
34201
33508
32404
33904
33618
32707
34747
34442
34433
33755
34711
33440
32922
32931
33063
33024
33114
33065
33065
32536
33157
33004
33312
32114
32713
33064
32720
33444
32725
32540
33122
34697
32132
34222
34223
32726
32034
32003
32703
32703
33301
33901
34945
32547
32259
32601
32160
33534
33160
32733
32560
34734
33170
33413
34736
32561
33483
33844
33008
32746
32746
33002
33010
33846
33455
34690
33019
33030
34446
34142
33154
32963
34956
32198
32099
32227
34957
33458
33469
33156
33037
32656
33040
34741
32158
32054
32054
32054
32054
32054
32054
32054
32054
32054
32054
32054
32054
32054
32054
32054
32054
32054
32054
32054
32054
32054
32054
32054
32054
32054
32054
32054
32054
32054
32054
32054
32054
32054
32054
32054
32054
32054
32054
32054
32054
32054
32054
32054
32054
32054
32054
32054
32054
32054
32054
32054
32054
32054
32054
32054
32054
32054
32054
32054
32054
32054
32054
32054
32054
32054
32054
32054
32054
32054
32054
32054
32054
32054
32054
32054
32054
32054
32054
32054
32054
32024
33801
32746
32746
33403
33853
33449
32336
33037
33309
33311
33702
34748
33936
33030
33064
32810
34228
32750
33548
32444
32751
33462
33407
33407
34145
33063
34753
32901
32952
33014
33109
33014
33014
33166
32050
32343
32035
34715
32550
32756
34101
32566
32669
34652
32168
32578
32081
33624
33903
33068
33160
33160
34286
33304
33304
34470
34470
34470
34761
33556
33163
34677
33165
32763
32003
32963
32801
32173
34229
32762
32571
32905
33401
33403
34990
32135
33157
34682
32401
32401
33067
33023
32501
32808
33780
33036
33036
33036
33036
33036
33036
33036
33036
33036
33036
33036
33036
33036
33036
33036
33036
33036
33036
33036
33036
33036
33036
33036
33036
33036
33036
33036
33036
33036
33036
33036
33036
33036
33036
33036
33036
33036
33036
33036
33036
33036
33036
33036
33036
33036
33036
33036
33036
33036
33036
33036
33036
33036
33036
33036
33036
33036
33036
33036
33036
33036
33036
33036
33036
33563
34758
33060
33948
32123
34992
33032
33950
32351
33156
33568
33403
32955
33947
33570
34695
33912
32771
33957
34230
32937
32958
33583
33772
33143
33157
33330
34604
34994
33571
33160
33313
33140
32301
33309
33601
34688
32778
32778
32778
33617
32159
33592
32780
34655
32403
34201
33594
34275
32960
33543
33626
33165
32904
33326
33401
33023
33305
34786
34777
33880
32789
32708
32041
33539
30101
31701
30004
31709
30060
30106
30002
39817
30071
30517
31520
30515
39827
30701
30114
30112
30120
30125
31028
30341
30341
30337
31829
30288
30012
31010
30014
30014
30132
30719
30030
30634
30340
30133
30133
30333
31021
30026
30338
30344
31024
30809
30213
30214
30542
30297
31030
30501
31405
39854
30017
30223
30813
30228
30354
31310
30114
30549
31545
30005
30144
30144
31548
30240
30042
30047
30047
30122
30052
30250
30126
30252
30650
30006
30907
31320
31059
30004
30655
30260
31768
30263
30003
30033
30268
30269
31069
31322
31407
30127
30074
31324
31326
30274
30274
30149
30075
30319
31401
30079
30276
30080
30039
30458
30281
30083
30518
30024
30179
31757
31793
30084
30290
30291
31601
30474
30180
30339
31088
31501
31410
30680
30188
30188
96701
96703
96704
96705
96706
96712
96713
96715
96716
96717
96719
96720
96725
96727
96728
96730
96731
96732
96707
96741
96744
96746
96755
96707
96747
96748
96749
96750
96752
96753
96754
96738
96757
96790
96760
96761
96762
96763
96764
96765
96715
96707
96768
96771
96772
96792
96776
96777
96778
96779
96781
96782
96783
96788
96857
96785
96786
96791
96792
96753
96793
96795
96797
83250
83221
83318
83605
83202
83402
83203
83703
83835
83401
83338
83634
83540
83501
83634
83843
83647
83646
83201
83854
83440
83301
61021
60502
60510
60510
62220
61008
60402
61701
60406
60459
60409
61520
62901
61820
61920
60064
60411
60411
60804
62234
61430
60478
60403
60012
61832
60561
62521
60115
60016
61021
61244
61611
62025
62401
60120
60126
60201
62208
61032
60030
61401
60134
62040
60033
60426
62948
60457
60035
62650
60403
60901
60045
60045
60441
61111
60050
61455
60152
62959
60426
62258
61938
61244
60450
62864
60540
61701
60064
60164
60452
61350
60463
60465
60068
61554
61601
61354
60545
61764
60070
62301
61068
61101
61201
60008
60548
61080
62701
61081
61311
60178
62568
61372
61801
60555
61571
62298
60079
60185
60187
60191
60098
60560
60099
46011
46706
46123
47421
47401
46112
46032
46303
46304
47129
47201
47933
46307
46228
46122
46304
46517
46311
46312
46514
47701
46037
46801
46041
46131
46401
46526
46530
46140
47240
46142
46319
46320
46322
46322
46322
46322
46322
46322
46322
46322
46322
46322
46322
46322
46322
46322
46322
46322
46322
46322
46322
46322
46322
46322
46322
46322
46322
46322
46322
46322
46322
46322
46322
46322
46322
46322
46322
46322
46322
46322
46322
46322
46322
46322
46322
46322
46322
46322
46322
46322
46322
46322
46322
46322
46322
46322
46322
46322
46322
46322
46322
46322
46322
46322
46322
46322
46342
46262
47546
47129
46901
47901
46405
46350
46226
46052
46947
46356
46055
47250
46952
46260
46410
46360
46544
47302
46321
47150
47362
46774
46060
46168
46368
46304
47374
46375
47274
46176
46601
46224
46228
47801
46383
47591
46580
46034
47906
46240
46307
46228
47396
46077
50009
50010
50021
52722
50036
52601
50613
52401
52732
50323
52241
51501
50061
52801
51442
50061
52001
50501
52627
50111
50125
52240
50131
51031
52302
50158
50401
52761
50208
52317
50211
52501
50219
50317
52328
52338
51250
51101
51301
50588
50131
50701
50263
50677
50061
52776
67002
67005
67220
66012
67037
67801
67042
66850
66801
66442
67846
66030
67530
67060
67060
67501
66441
66101
67067
66217
66043
66044
66027
66206
66062
67901
67460
66502
66202
66201
66208
66205
67114
66051
66067
66013
67147
66762
66206
67401
66201
66601
67147
67201
67501
67156
41001
41001
40223
41101
42022
40004
40403
42101
40010
41005
41011
40014
40422
41017
42701
41017
41022
40121
41071
41048
40601
40324
42141
40025
40165
42419
40241
42240
40220
41051
40207
40269
40031
40222
42431
40207
40207
40047
40242
40340
42262
42301
42001
40059
40159
40475
40207
40065
40165
40216
40241
40171
41017
40175
40391
70510
71301
70031
70704
71220
70801
70360
70788
70037
70427
71111
70518
71225
70520
70166
70043
70433
70433
70706
70634
70047
70049
70123
70438
70707
70053
70057
70401
70058
70360
70121
70062
70445
70130
70601
70068
70070
70448
70072
70072
70001
71055
71201
71254
70380
70611
71457
70560
70112
70570
70391
71359
70769
70394
70084
70123
71270
70583
71101
70458
70083
70056
70301
70094
70049
71291
70592
70791
4210
4330
4401
4005
4412
4011
4021
4038
4444
4240
4101
4072
4106
4901
4092
21001
21005
20607
21710
20783
20762
20701
21227
21012
20906
21201
21014
21014
21014
21014
21014
21014
21014
21014
21014
21014
21014
21014
21014
21014
21014
21014
21014
21014
21014
21014
21014
21014
21014
21014
20704
20740
20810
20710
20715
21714
20613
20833
21225
20615
20616
20866
20818
20619
20705
21613
20746
20731
21228
21617
20732
20781
20815
20815
20815
20815
20815
20815
20815
20815
20815
20815
20815
20815
20815
20815
20815
20815
20815
20815
20815
20815
20815
20815
20815
20815
20815
20815
20815
20815
20815
20815
20815
20815
20815
20815
20815
20815
20815
20815
20815
20815
20815
20815
20815
20815
20815
20815
20815
20815
20815
20815
20815
20815
20815
20815
20815
20815
20815
20815
20815
20815
20815
20815
20815
20815
20815
20815
20815
20815
20815
20815
20815
20815
20815
20815
20815
20815
20815
20815
20815
20815
20815
20815
20815
20815
20815
20815
20815
20815
20815
20815
20815
20815
20815
20815
20815
20815
20815
20815
20815
20815
20815
20815
20815
20815
20815
20815
20815
20815
20815
20815
20815
20815
20815
20815
20815
20815
20815
20815
20815
20815
20815
20815
20815
20815
20815
20815
20815
20815
20815
20782
20871
20735
20904
21030
20904
20740
20722
20588
21114
21501
20872
20874
20751
20855
20747
21222
21222
20754
20608
21601
21219
21037
21010
21784
21075
21921
21041
21221
21047
20745
20747
20755
20744
20678
21826
20759
20877
21054
21779
20896
21117
21930
20874
20706
21060
20812
20906
20769
21638
20768
21740
21074
21078
20777
20903
20748
20637
20639
20781
21043
20640
21755
20794
21085
20891
20774
21087
21122
20784
20783
20703
20646
20774
20707
20882
20653
21774
21090
21093
20746
20724
21106
21220
21769
20716
21770
20877
20746
21771
21773
21840
20745
20784
20852
20722
20878
21811
21113
20830
20736
21117
20745
21234
21122
21128
21207
21777
20675
20837
20850
21132
21657
21657
21657
21657
21657
21657
21657
21657
21657
21657
21657
21657
21657
21657
21657
21657
21657
21657
21657
21657
21657
21657
21657
21657
21657
21657
21657
21657
21657
21657
21657
21657
21657
21657
21657
21657
21657
21657
21657
21657
21657
21657
21657
21657
21657
21657
21657
21657
21657
21657
21657
21657
21657
21657
21657
21657
21657
21657
21657
21657
21657
21657
21657
21657
21657
21657
21657
21657
21657
21657
21657
21657
21657
21657
21657
21657
21657
21657
21657
21657
21133
21136
21140
20737
21017
21122
20847
21237
21801
20763
20723
20703
20743
21144
21146
20764
20746
20901
20815
20868
20774
21666
20746
21784
20901
20748
21093
21204
20772
21704
20601
21793
21157
20902
21162
2351
1810
2474
2703
2019
2478
1915
2108
1885
2301
2445
1803
2138
2150
1013
1778
1923
2026
1810
2331
1929
1054
2720
1420
1701
1440
1930
1830
2018
2343
1040
1748
1749
2045
2364
1840
1453
2420
1028
1850
1901
1940
2148
1945
1230
2051
1754
2052
2153
2176
1757
1936
2554
2492
2740
1950
2649
2456
1247
1060
1532
2358
2060
2062
1960
1866
1201
2169
2368
1864
2151
1355
1906
2040
2067
2725
2143
2664
1089
2180
1518
1907
2718
1983
1880
2451
2481
1742
2574
1085
2673
1095
1887
1890
1801
1601
49221
49401
48101
48103
48321
49014
48706
48072
48009
48301
48509
48017
49321
49508
48120
48125
48021
48820
49506
48823
48021
49829
48331
48331
48430
48220
48134
48501
49506
48026
48623
48623
48135
49417
49501
49418
48230
48215
48230
48225
48840
49422
48842
48070
48141
48951
49428
49001
49508
48326
48144
48823
48076
48146
48150
48071
49855
48040
48854
48640
48161
48043
48804
49440
49444
48047
48167
49441
48374
48237
48805
48841
48170
48340
49002
48060
48192
48306
48306
48174
48066
48067
48601
48176
48025
48195
48178
48310
48180
48182
49684
48183
48007
49459
48088
48184
48185
48393
48183
48192
49418
48197
55001
56007
55301
56308
55303
55303
55124
55112
55912
56401
56557
55308
56011
56601
55309
55309
55309
55309
55309
55309
55309
55309
55309
55309
55309
55309
55309
55309
55309
55309
55309
55309
55309
55309
55309
55309
55309
55309
55309
55309
55309
55309
55309
55309
55309
55309
55309
55309
55309
55309
55309
55309
55309
55309
55309
55309
55309
55309
55309
55309
55309
55309
55309
55309
55309
55309
55309
55309
55309
55309
55309
55309
55309
55309
55309
55309
55309
55309
55309
55309
55309
55309
55309
55309
55309
55309
55309
55309
55309
55309
55309
55309
55309
55309
55309
55309
55309
55309
55309
55309
55309
55309
55309
55309
55309
55309
55309
55309
55309
55309
55014
55420
56401
55428
55428
55313
55313
55306
55920
55315
55038
55316
55317
55318
55720
55421
55014
55433
55311
55016
55323
55327
55331
55110
55801
55120
55005
56721
55343
55340
56531
56531
56531
56531
56531
56531
56531
56531
56531
56531
56531
56531
56531
56531
56531
56531
56531
56531
56531
56531
56531
56531
56531
56531
55020
55330
56031
55108
55021
55024
56537
55025
55421
55110
55416
55730
55082
55357
55331
55304
55033
55810
55746
55305
55038
55350
55328
56372
55076
55042
55044
55014
55109
56557
56557
56557
56557
56557
56557
56557
56557
56557
56557
56557
56557
56557
56557
56557
56557
56557
56557
56557
56557
56557
56557
56557
56557
56557
56557
56557
56557
56557
56557
56557
56557
55115
56001
55311
55106
56258
55340
55118
55401
55305
55361
55331
55362
56547
55112
55112
55772
55112
55427
56071
56073
55056
55057
56002
55127
55127
55303
55042
55005
55323
55960
55301
55060
55115
55441
55372
55303
56670
56750
55066
55803
55803
55803
55803
55803
55803
55803
55803
55803
55803
55803
55803
55803
55803
55803
55803
55803
55803
55803
55803
55803
55803
55803
55803
55803
55803
55803
55803
55423
55422
55901
55374
55068
55113
56301
56379
55378
55047
55372
55126
55331
55082
55077
56089
56089
56089
56089
56089
56089
56089
56089
56089
56089
56089
56089
56089
56089
56089
56089
56089
56089
56089
56089
56089
56089
56089
56089
56089
56089
56089
56089
56089
56089
56089
56089
56089
56089
56089
56089
56089
56089
56089
56089
56089
56089
56089
56089
56089
56089
56089
56089
56089
56089
56089
56089
56089
56089
56089
56089
56089
56089
56089
56089
56089
56089
56089
56089
55109
55318
55387
55110
56201
55987
55125
55391
56187
55092
39730
39096
38606
39530
39042
39601
39170
39046
38614
38732
39056
39701
38834
39525
39232
39553
38701
38848
38901
39564
39501
39401
39083
38632
38634
38637
38749
39201
39440
39560
39648
39110
39301
39562
39120
38652
39564
38654
38655
39563
39208
39465
39350
39466
39157
38668
38671
39759
38664
38801
39180
39773
39194
63123
63010
63011
63137
64012
63134
63033
64013
65615
63144
63044
63701
64834
64836
63005
63005
63105
65201
64020
63304
63126
63141
63366
63366
63131
63011
63025
64024
63640
63026
63135
63028
63031
65473
63131
65251
64118
63122
64029
64030
63401
64036
65203
63136
64060
63122
65680
63447
63448
64761
65542
65704
65706
64468
63555
65344
65059
64772
64854
63770
63369
63020
65348
65066
63373
64129
64084
63465
65753
64489
65351
64079
64079
63380
64494
63380
65773
63119
63670
63304
63386
65779
65781
59411
59012
59414
59416
59417
59419
59912
59218
59901
59834
59030
59033
59920
59044
59047
59634
59464
59059
59853
59858
59347
59472
59479
59935
68448
68926
68359
68840
69140
69153
69041
68057
89007
89821
89403
89404
89801
89301
89316
89411
89412
89017
89018
89448
89028
89422
89523
89030
89835
89041
89042
89426
89431
89815
89429
89433
89510
89415
89445
89447
3221
3576
3229
3216
3824
3835
3842
3242
3246
3584
3251
3307
3455
3851
3856
3077
3872
7820
8001
7712
8034
8232
8005
7718
8502
8010
8012
8505
8302
8203
8808
7828
7829
8204
8069
7735
8809
8094
7067
7832
7728
8873
8043
8215
8002
8217
7631
8319
8320
7022
8731
8823
8029
8030
8323
8620
7840
8037
8865
7029
7844
8830
7825
8042
8824
7847
8530
8648
7738
7036
8221
7740
8402
8836
8330
8619
8873
7751
7960
7046
8087
8901
8533
7860
8204
7748
8260
7755
8226
7863
7055
7424
8067
8861
8865
8232
8241
8074
8242
7866
8352
8079
8243
7077
8558
8201
8244
8879
7747
7876
7087
8753
8601
7043
8251
8043
8758
7093
8889
8252
8096
8890
87101
87511
87001
87830
87513
88210
88023
87002
87413
88025
87582
87059
87311
87083
87524
87830
87522
87501
88301
87537
87530
87801
88034
87936
88038
88325
88330
87535
88337
88044
87540
88021
87823
87511
87551
87031
87032
87532
88048
88430
87311
87455
88431
88043
88052
88435
87827
88344
88009
87828
87002
87002
87013
87740
87532
88056
87562
88346
87049
88041
87020
88058
87004
87567
88435
87053
87014
87420
88022
87801
88030
87557
88135
88350
87060
88401
88065
87749
87750
88002
87327
12404
11507
12010
13731
11510
11706
12508
10506
10507
13611
14814
14024
11716
13029
11932
13030
11719
12032
11934
11721
12035
13319
13745
13321
13625
11727
12056
13054
11735
12302
12061
11730
11554
11940
11732
11772
11941
14730
11768
14057
11731
14838
13641
11040
11530
14067
12526
11545
11547
12078
11763
14461
14515
10595
11722
11722
10532
14466
13650
11801
12440
10469
13354
11746
12443
14609
11752
14850
11947
12095
12911
12446
12401
12449
11552
11040
11413
12451
14486
12759
11560
12847
13208
11040
11952
13211
12118
13115
10952
10550
13045
10954
12458
11590
10956
14108
10001
12130
11901
11703
11710
11713
14110
11566
11040
11772
14516
11580
13420
14760
13421
13126
12970
10965
11958
11803
12568
13675
11776
12771
14873
13679
12471
12775
11778
13682
14541
10022
12776
11577
12150
10573
11021
12577
12155
11784
11784
13148
11965
10587
11967
12481
12778
11787
13841
14558
10976
10980
12172
13057
11776
13472
13692
14120
14120
14120
14120
14120
14120
14120
14120
14120
14120
14120
14120
14120
14120
14120
14120
14120
14120
14120
14120
14120
14120
14120
14120
14120
14120
14120
14120
14120
14120
14120
14120
14120
14120
14120
14120
14120
14120
14120
14120
14120
14120
14120
14120
14120
14120
14120
14120
14120
14120
14120
14120
14120
14120
14120
14120
14120
14120
14120
14120
14120
14120
14120
14120
13501
12584
14533
13479
11704
11706
11552
11743
12491
12203
13490
14788
12993
13219
11581
12498
12198
10701
27006
28509
28128
27520
27520
28801
28451
27209
28519
28714
28320
28327
28020
28201
28719
28021
27013
27819
28523
27928
28524
28038
27932
27906
28337
27312
28733
28604
28645
27831
27938
27252
27833
28530
27839
27841
27258
28739
28076
28636
28077
27843
28445
28538
28742
28666
28441
27948
28086
28150
27544
28449
28090
28601
27849
27292
27292
27298
27284
28554
28515
27305
28757
28654
27560
28119
28365
28659
27959
28451
28657
28366
28467
28762
27860
28512
28572
27316
28386
28667
27870
27325
28379
28457
28670
27101
28773
27237
27873
27576
27344
28460
27949
28777
28163
28391
27048
27979
28392
27049
28690
27051
27888
28785
27374
27375
28401
27593
28590
27986
58001
58622
58009
58324
58625
58438
58718
58204
58845
58341
58048
58452
58748
58757
58704
58261
58265
58266
58064
58361
58772
58275
58782
58793
58795
58384
43501
44010
44011
44012
43824
44128
43913
43506
44701
43111
44101
44106
45236
43117
43016
43734
43735
43319
45324
45224
44828
45629
43824
44041
44666
43125
45133
43326
43531
43130
43934
44052
45036
44646
44438
44040
44845
45041
44030
45409
45344
45870
44865
45239
44857
44146
44862
43146
44077
44130
44706
44671
45241
43065
45246
43925
43933
44136
44471
45780
44699
45373
45783
43212
43351
44122
44092
44095
43085
45215
45385
74330
74521
73717
74523
73401
74901
74859
74801
74058
74528
74422
74728
73625
74831
73625
74831
73625
74831
73625
74831
73625
74831
73625
74831
73625
74831
73625
74831
73625
74831
73625
74831
74729
73758
73020
74337
73028
74535
73021
74941
73533
74701
74839
74734
73537
73539
73533
73542
73938
73841
73093
73547
73942
74546
74848
74038
74941
74850
73440
74063
73546
73448
74644
73448
74644
73448
74644
73448
74644
73448
74644
73448
74644
73448
74644
73448
74644
73448
74644
73448
74644
73448
74644
73448
74644
73448
74644
73448
74644
73448
74644
73448
74644
73448
74644
73448
74644
73448
74644
73448
74644
73448
74644
73448
74644
73448
74644
73448
74644
73448
74644
73448
74644
73448
74644
73448
74644
73448
74644
73448
74644
73448
74644
73448
74644
73448
74644
73448
74644
73058
74354
73058
74354
73058
74354
73058
74354
73058
74354
73058
74354
73058
74354
73058
74354
73058
74354
73058
74354
73058
74354
73058
74354
73110
73450
73852
73064
73853
73066
73018
73701
73658
74447
74450
73073
74860
73075
73766
74864
74831
74066
74867
73663
74652
73051
74073
74960
74463
74464
74080
73570
74101
74572
74368
74764
74881
74652
74881
74578
74766
97251
97003
97456
97101
97103
97003
97065
97759
97110
97523
97229
97502
97423
97330
97424
97009
97429
97344
97029
97833
97415
97122
97003
97738
97843
97531
97601
97449
97839
97741
97384
97750
97459
97462
97135
97465
97536
97537
97055
97056
97380
97759
97058
97141
97062
97392
97053
97068
97886
97024
15412
17810
16821
17003
16242
17214
15315
16438
19087
17555
15025
16832
17516
17730
17745
19020
17318
16501
17846
19031
19034
15116
19438
17101
18201
16148
17033
19044
15901
19406
19443
17545
15228
17540
19054
19353
15068
15035
15317
19002
15379
18936
18707
16101
15692
19096
17959
15112
19462
17901
19601
18954
19464
18501
17404
19474
19372
19403
18106
17701
19090
19038
17315
2863
2905
2914
2828
2840
2860
2901
2878
2886
2891
2895
29801
29621
29901
29909
29016
29316
29128
29020
29033
29401
29631
29033
29526
29640
29501
29206
29707
29644
29340
29440
29445
29601
29646
29650
29410
29927
29925
29203
29061
29063
29451
29455
29456
29710
29360
29071
29566
29078
29662
29461
29429
29572
29108
29841
29405
29582
29115
29935
29611
29819
29506
29072
29020
29128
29730
29476
29680
29301
29150
29554
29483
29483
29483
29150
29687
29708
29033
57401
57262
57716
57719
57005
57006
57350
57361
57301
57563
57501
57770
57701
57570
57101
57783
57270
57201
57661
57078
38002
37303
38004
38133
37205
37024
37620
38012
37401
37040
37311
37315
38017
38017
38401
38501
37055
38024
37412
37643
37062
37922
37027
37064
37064
37066
38138
37070
37743
37341
37075
38343
38301
37601
37660
37901
38002
37086
37087
37091
37350
37349
37801
37501
38053
37813
37121
37127
37135
37220
38060
37830
38017
38017
37148
37415
37862
37865
37160
37377
37167
37172
37174
37388
37188
79601
75001
78209
78209
77039
78332
75002
77511
79101
79714
77515
75409
75409
76008
77583
76226
76001
77346
75751
73301
76020
75180
76226
78602
77404
77520
77520
77701
76021
76021
78733
78102
77401
76704
76513
76109
79720
78006
75418
79007
77833
77611
77423
79316
78520
76801
78717
75568
78610
78070
77024
76354
76028
75077
78130
78130
78130
78130
75006
75633
78213
75104
78613
75009
77530
78263
78108
76031
77327
77015
77531
77840
76034
77978
77301
78109
75019
76522
75077
76208
78401
75109
76520
76036
76036
75065
76013
77535
77536
78840
75020
76201
75115
77539
77539
75572
78537
75077
78619
79029
75116
78852
75641
78539
79032
77437
78621
79835
75119
76039
78006
75069
75229
75229
75032
75022
76119
75126
79906
79906
76544
79735
76036
76036
78624
77541
77545
77546
75033
77406
76240
77547
77550
78266
75040
75040
76528
78626
75154
78943
78629
75050
76051
75401
77619
76111
76548
78550
76052
77859
75032
77024
78023
75652
79045
76643
75065
75205
75077
78232
76645
77055
77563
78583
79927
78725
78657
77001
78734
76087
77205
77024
77320
75973
78634
79603
78362
75014
75766
75951
77040
77040
77449
76244
76060
78028
75662
76540
78363
78640
78236
78645
78645
78645
78645
78645
78645
78645
78645
75065
75766
78734
77568
79331
75134
76226
77571
78040
77573
78641
78238
79336
75022
75662
76250
76250
76250
76250
76250
76250
76250
76250
76250
76250
76250
76250
76250
76250
76250
76250
76250
76250
76250
76250
75068
78148
78644
75601
79401
75002
75901
77657
78501
76657
75069
78653
76063
77578
75670
77477
75454
78570
75149
75149
75149
75149
75149
75149
75149
75149
75149
75149
75149
75149
75149
75149
75149
75149
75149
75149
75149
75149
75149
75149
75149
75149
75149
75149
75149
75149
75149
75149
75149
75149
75149
75149
75149
75149
75149
75149
75149
75149
75149
75149
75149
75149
75149
75149
75149
75149
75149
75149
75149
75149
75149
75149
75149
75149
75149
75149
75149
75149
75149
75149
75149
75149
76667
79701
76065
76067
77363
77459
79756
77520
78610
75455
75455
75074
75961
77868
77627
78130
78130
78130
78130
76117
75154
75068
79760
77630
75154
75801
78572
79065
75460
75002
77501
77047
78061
79772
79070
78660
78577
77024
79072
75023
78064
77640
78374
77979
77651
79601
75407
75078
78148
75154
79226
75080
77406
78582
76262
76706
78380
78381
75032
78746
77469
78664
75030
75189
75189
75048
76131
76901
78201
78586
76266
78539
78539
78539
78539
78539
78539
78539
78539
78539
78539
78539
78539
78539
78539
78539
78539
78539
78539
78539
78539
78539
78539
78539
78539
78539
78539
78539
78539
78539
78539
78539
78539
78666
78666
77510
78108
77586
75159
78155
75689
76205
78230
75090
77459
79549
79927
77587
76092
77005
75180
77477
77355
76401
77478
75482
75182
78735
79556
76574
77586
76501
75160
78209
75501
77510
75056
77354
78959
77337
76262
75701
78148
75205
78801
75457
77901
76701
76137
75165
76085
77598
77598
78596
76262
78746
77441
76107
77005
77488
76108
76301
76301
77318
76008
78218
76712
75098
84004
84003
84510
84065
84065
84010
84302
84720
84062
84014
84015
84015
84047
84020
84005
84108
84010
84025
84404
84026
84037
84029
84404
84032
84065
84065
84036
84003
84117
84315
84737
84319
84037
84118
84040
84005
84042
84321
84044
84664
84047
84106
84050
84107
84321
84341
84404
84010
84201
84057
84060
84651
84302
84404
84062
84404
84601
84405
84065
84065
84018
84653
84101
84070
84765
84655
84005
84335
84098
84009
84403
84106
84403
84660
84663
84098
84075
84118
84074
84405
84010
84401
84081
84015
84081
84036
84010
5401
5601
5055
5701
5403
20598
22003
20166
20598
20146
22712
23306
23306
23306
23306
23306
23306
23306
23306
23306
23306
23306
23306
23306
23306
23306
23306
23306
23306
23306
23306
23306
23306
23306
23306
23306
23306
23306
23306
23306
23306
23306
23306
23306
23306
23306
23306
23306
23306
23306
23306
23306
23306
23306
23306
23306
23306
23306
23306
24060
23235
20148
24201
20148
22009
23314
24018
20120
20151
22901
23320
22601
24068
20124
23834
22932
22701
22448
22193
24540
22025
22027
20151
22039
20598
22403
22939
22989
22060
22308
23801
22310
23851
22401
22630
20155
23058
23062
23063
22066
23605
22801
22603
20168
20170
23075
20132
24019
23860
22945
22485
22315
23086
22963
22508
22192
20176
20176
24352
20175
22312
20598
24501
20598
24572
20108
20111
23407
24112
22079
23111
22081
22025
23231
22121
24577
23414
20187
22122
23124
23601
23324
22151
22443
22124
20186
23801
23662
23701
20132
24141
20190
23173
24001
24153
23150
23430
24592
20152
20152
20598
24401
20163
20105
24477
20109
23432
24502
22172
23229
22027
23450
23888
23888
23888
23888
23888
23888
23888
23888
23888
23888
23888
23888
23888
23888
23888
23888
23888
23888
23888
23888
23888
23888
23888
23888
23888
23888
23888
23888
23888
23888
23888
23888
23888
23888
23888
23888
23888
23888
23888
23888
23888
23888
23888
23888
23888
23888
23888
23888
23888
23888
23888
23888
23888
23888
23888
23888
23888
23888
23888
23888
23888
23888
23888
23888
23888
23888
23888
23888
23888
23888
23888
23888
23888
23888
23888
23888
23888
23888
23888
23888
23889
20186
22980
22152
23081
22601
22191
98520
98328
98221
98223
98335
98001
98110
98604
98004
98004
98225
98382
98391
98011
98310
98036
98062
98233
98570
98531
98312
98004
98072
98042
98422
98148
98327
98019
98204
98802
98371
98232
98020
98387
98926
98022
98823
98201
98001
98248
98424
99336
98433
98329
98338
98930
98933
99344
98025
98552
98004
98027
98520
98028
99336
98030
98033
98503
98155
98258
98391
98259
99146
99016
98632
98264
98036
98290
98038
98371
98270
98039
98040
98012
98255
98272
98837
98043
98273
98275
98357
99155
98056
98148
98045
98277
98501
98662
99344
98047
98444
99301
98335
98362
98366
98370
98391
99350
99163
98371
98331
98848
98033
98055
99352
98642
98335
98029
98148
98101
98133
98315
98584
98065
98373
98387
99016
99016
98388
98371
98352
98944
98366
98401
98587
98948
98393
98108
98501
98464
98660
98013
99362
98951
98671
98329
98801
99352
98106
98952
98335
98072
98020
98901
98004
98597
98953
25801
26330
25301
25414
26507
26301
25313
26554
25701
25401
26501
26101
25303
26062
26003
54911
53913
53916
53511
53005
53105
53012
54729
53110
53018
53115
54115
54701
53121
53575
54935
53538
53132
53209
54229
53219
53027
54016
53545
54130
53140
54135
54601
53701
54220
54404
54952
54751
53092
53562
53172
53150
54956
54150
53146
54828
54017
53154
53066
54861
54650
54901
53072
53901
53074
53401
54401
54022
54166
53081
53172
54481
53589
54235
53590
54880
54241
53593
53094
53186
53963
54177
53208
53214
53090
53185
54494
82510
82601
82001
82414
82520
82930
82514
82716
82935
83001
82922
82051
82301
82501
82901
82801
82001
83014
